{
  "height": {
    "z_values": [
      -2.0,
      -1.0,
      0.0,
      1.0,
      2.0
    ],
    "eigvals_raw": [
      1.5533194541931152,
      1.1781071424484253,
      1.025415301322937,
      0.8306261897087097,
      0.4125315845012665
    ],
    "eigvals_sae": [
      1.5391291379928589,
      1.3214731216430664,
      1.1262081861495972,
      0.6967220306396484,
      0.31646716594696045
    ],
    "G_raw": [
      [
        1.0000001192092896,
        -0.3000953793525696,
        -0.22256433963775635,
        -0.17063680291175842,
        -0.05620266869664192
      ],
      [
        -0.3000953793525696,
        1.0,
        -0.02925434336066246,
        0.013314591720700264,
        -0.180408775806427
      ],
      [
        -0.22256433963775635,
        -0.02925434336066246,
        0.9999997615814209,
        0.04527204483747482,
        -0.14993809163570404
      ],
      [
        -0.17063680291175842,
        0.013314591720700264,
        0.04527204483747482,
        0.9999998211860657,
        -0.355231374502182
      ],
      [
        -0.05620266869664192,
        -0.180408775806427,
        -0.14993809163570404,
        -0.355231374502182,
        0.9999998807907104
      ]
    ],
    "G_sae": [
      [
        1.0,
        -0.38385826349258423,
        -0.13540636003017426,
        -0.15858694911003113,
        0.023187775164842606
      ],
      [
        -0.38385826349258423,
        0.9999999403953552,
        -0.2353653609752655,
        -0.022805288434028625,
        -0.0790589228272438
      ],
      [
        -0.13540636003017426,
        -0.2353653609752655,
        1.0,
        -0.13048894703388214,
        -0.141057550907135
      ],
      [
        -0.15858694911003113,
        -0.022805288434028625,
        -0.13048894703388214,
        0.9999998807907104,
        -0.4405709505081177
      ],
      [
        0.023187775164842606,
        -0.0790589228272438,
        -0.141057550907135,
        -0.4405709505081177,
        0.9999997615814209
      ]
    ],
    "kpca_raw": [
      [
        -0.5765730738639832,
        0.6435301899909973
      ],
      [
        0.508804440498352,
        -0.4449358284473419
      ],
      [
        0.4253599941730499,
        -0.12745894491672516
      ],
      [
        0.6256157755851746,
        0.46678778529167175
      ],
      [
        -0.6242393851280212,
        -0.5760828852653503
      ]
    ],
    "kpca_sae": [
      [
        -0.583049476146698,
        0.43156853318214417
      ],
      [
        0.5153621435165405,
        -0.709315836429596
      ],
      [
        -0.07741256058216095,
        0.4068569839000702
      ],
      [
        0.7048206329345703,
        0.4153866767883301
      ],
      [
        -0.6563684344291687,
        -0.5422306060791016
      ]
    ],
    "ID_raw": 4.376492023468018,
    "ID_sae": 4.188216686248779
  },
  "age": {
    "z_values": [
      -2.0,
      -1.0,
      0.0,
      1.0,
      2.0
    ],
    "eigvals_raw": [
      1.7284409999847412,
      1.1635805368423462,
      1.0139715671539307,
      0.7822712063789368,
      0.3117351830005646
    ],
    "eigvals_sae": [
      1.539183259010315,
      1.2616826295852661,
      1.139867901802063,
      0.7819728851318359,
      0.27729302644729614
    ],
    "G_raw": [
      [
        0.9999996423721313,
        -0.32355478405952454,
        -0.13282252848148346,
        -0.19928671419620514,
        -0.039643846452236176
      ],
      [
        -0.32355478405952454,
        1.0,
        -0.1961342841386795,
        0.17115703225135803,
        -0.294924259185791
      ],
      [
        -0.13282252848148346,
        -0.1961342841386795,
        0.9999998807907104,
        -0.269243448972702,
        -0.04772292822599411
      ],
      [
        -0.19928671419620514,
        0.17115703225135803,
        -0.269243448972702,
        1.0000001192092896,
        -0.38238412141799927
      ],
      [
        -0.039643846452236176,
        -0.294924259185791,
        -0.04772292822599411,
        -0.38238412141799927,
        0.9999998211860657
      ]
    ],
    "G_sae": [
      [
        1.0000001192092896,
        -0.29792991280555725,
        -0.15545210242271423,
        -0.14816223084926605,
        -0.05562552809715271
      ],
      [
        -0.29792991280555725,
        0.9999999403953552,
        -0.2109234631061554,
        -0.037009332329034805,
        -0.12423941493034363
      ],
      [
        -0.15545210242271423,
        -0.2109234631061554,
        0.9999997019767761,
        -0.19990408420562744,
        -0.0710480809211731
      ],
      [
        -0.14816223084926605,
        -0.037009332329034805,
        -0.19990408420562744,
        1.0000001192092896,
        -0.4796072840690613
      ],
      [
        -0.05562552809715271,
        -0.12423941493034363,
        -0.0710480809211731,
        -0.4796072840690613,
        0.9999998211860657
      ]
    ],
    "kpca_raw": [
      [
        -0.41802191734313965,
        0.7562215924263
      ],
      [
        0.7057087421417236,
        -0.2287033051252365
      ],
      [
        -0.34510335326194763,
        -0.6881904602050781
      ],
      [
        0.7369908690452576,
        0.2313116192817688
      ],
      [
        -0.6272337436676025,
        -0.1108737587928772
      ]
    ],
    "kpca_sae": [
      [
        0.2782200276851654,
        0.7256244421005249
      ],
      [
        -0.37783166766166687,
        -0.734096884727478
      ],
      [
        0.2731330096721649,
        0.03455115109682083
      ],
      [
        -0.8223047256469727,
        0.2849826514720917
      ],
      [
        0.7538126111030579,
        -0.33740854263305664
      ]
    ],
    "ID_raw": 4.112725734710693,
    "ID_sae": 4.202669620513916
  },
  "weight": {
    "z_values": [
      -2.0,
      -1.0,
      0.0,
      1.0,
      2.0
    ],
    "eigvals_raw": [
      1.5162659883499146,
      1.2692075967788696,
      1.1088449954986572,
      0.7539876103401184,
      0.35169366002082825
    ],
    "eigvals_sae": [
      1.6278470754623413,
      1.5110580921173096,
      1.110964298248291,
      0.5211840867996216,
      0.22894589602947235
    ],
    "G_raw": [
      [
        1.0000001192092896,
        -0.398851215839386,
        -0.14776822924613953,
        -0.11510950326919556,
        -0.026375707238912582
      ],
      [
        -0.398851215839386,
        1.0,
        -0.15390916168689728,
        0.017080465331673622,
        -0.15036174654960632
      ],
      [
        -0.14776822924613953,
        -0.15390916168689728,
        1.0,
        -0.08056741207838058,
        -0.18184125423431396
      ],
      [
        -0.11510950326919556,
        0.017080465331673622,
        -0.08056741207838058,
        0.9999999403953552,
        -0.36718860268592834
      ],
      [
        -0.026375707238912582,
        -0.15036174654960632,
        -0.18184125423431396,
        -0.36718860268592834,
        0.9999998807907104
      ]
    ],
    "G_sae": [
      [
        1.0,
        -0.5110787749290466,
        -0.09015212953090668,
        0.07415832579135895,
        -0.03487228974699974
      ],
      [
        -0.5110787749290466,
        0.9999997019767761,
        -0.3677164316177368,
        -0.1045808419585228,
        -0.05091868340969086
      ],
      [
        -0.09015212953090668,
        -0.3677164316177368,
        0.9999999403953552,
        -0.16271564364433289,
        -0.09613114595413208
      ],
      [
        0.07415832579135895,
        -0.1045808419585228,
        -0.16271564364433289,
        0.9999998807907104,
        -0.534069299697876
      ],
      [
        -0.03487228974699974,
        -0.05091868340969086,
        -0.09613114595413208,
        -0.534069299697876,
        0.9999999403953552
      ]
    ],
    "kpca_raw": [
      [
        -0.6282057762145996,
        0.508436918258667
      ],
      [
        0.6470209956169128,
        -0.5563415884971619
      ],
      [
        0.10970263183116913,
        0.3047254979610443
      ],
      [
        0.5727913975715637,
        0.4870309829711914
      ],
      [
        -0.6023807525634766,
        -0.6092016100883484
      ]
    ],
    "kpca_sae": [
      [
        -0.6701757311820984,
        0.2947951853275299
      ],
      [
        0.7628955245018005,
        -0.5182464122772217
      ],
      [
        -0.284145325422287,
        0.41595667600631714
      ],
      [
        -0.537717342376709,
        -0.7082881331443787
      ],
      [
        0.4762600362300873,
        0.6934568881988525
      ]
    ],
    "ID_raw": 4.286934852600098,
    "ID_sae": 3.8512043952941895
  },
  "size": {
    "z_values": [
      -2.0,
      -1.0,
      0.0,
      1.0,
      2.0
    ],
    "eigvals_raw": [
      1.5237797498703003,
      1.1459662914276123,
      1.1054339408874512,
      0.8460922837257385,
      0.37872737646102905
    ],
    "eigvals_sae": [
      1.4211645126342773,
      1.3740668296813965,
      1.1068884134292603,
      0.8268817663192749,
      0.2709980905056
    ],
    "G_raw": [
      [
        0.9999997019767761,
        -0.3535328507423401,
        -0.20294064283370972,
        -0.18610548973083496,
        -0.014440263621509075
      ],
      [
        -0.3535328507423401,
        1.0,
        -0.08992993831634521,
        0.023104451596736908,
        -0.16175353527069092
      ],
      [
        -0.20294064283370972,
        -0.08992993831634521,
        1.0,
        -0.08984917402267456,
        -0.16491128504276276
      ],
      [
        -0.18610548973083496,
        0.023104451596736908,
        -0.08984917402267456,
        0.9999998807907104,
        -0.2952106297016144
      ],
      [
        -0.014440263621509075,
        -0.16175353527069092,
        -0.16491128504276276,
        -0.2952106297016144,
        1.0000001192092896
      ]
    ],
    "G_sae": [
      [
        0.9999997615814209,
        -0.4109521806240082,
        -0.15494197607040405,
        -0.12537135183811188,
        -0.06020709499716759
      ],
      [
        -0.4109521806240082,
        0.9999998807907104,
        -0.10300988703966141,
        -0.15797841548919678,
        -0.1071777492761612
      ],
      [
        -0.15494197607040405,
        -0.10300988703966141,
        0.9999998211860657,
        -0.14817112684249878,
        -0.16448712348937988
      ],
      [
        -0.12537135183811188,
        -0.15797841548919678,
        -0.14817112684249878,
        1.000000238418579,
        -0.36983054876327515
      ],
      [
        -0.06020709499716759,
        -0.1071777492761612,
        -0.16448712348937988,
        -0.36983054876327515,
        1.0
      ]
    ],
    "kpca_raw": [
      [
        0.6902837753295898,
        -0.5173256397247314
      ],
      [
        -0.6197655200958252,
        0.4086855351924896
      ],
      [
        -0.24257557094097137,
        0.14578114449977875
      ],
      [
        -0.5439938306808472,
        -0.5760158896446228
      ],
      [
        0.555343508720398,
        0.598556637763977
      ]
    ],
    "kpca_sae": [
      [
        0.8341614007949829,
        0.09219498932361603
      ],
      [
        -0.7963853478431702,
        -0.23866325616836548
      ],
      [
        -0.16974002122879028,
        0.04468598961830139
      ],
      [
        -0.09319376200437546,
        0.829627275466919
      ],
      [
        0.23154446482658386,
        -0.7863385677337646
      ]
    ],
    "ID_raw": 4.373355388641357,
    "ID_sae": 4.244377613067627
  },
  "speed": {
    "z_values": [
      -2.0,
      -1.0,
      0.0,
      1.0,
      2.0
    ],
    "eigvals_raw": [
      1.8943434953689575,
      1.1221264600753784,
      0.9032977819442749,
      0.7112670540809631,
      0.36896517872810364
    ],
    "eigvals_sae": [
      1.387021541595459,
      1.2971112728118896,
      1.1379567384719849,
      0.79386305809021,
      0.3840472996234894
    ],
    "G_raw": [
      [
        1.0000001192092896,
        -0.368406742811203,
        -0.023126544430851936,
        -0.20831720530986786,
        0.009228914976119995
      ],
      [
        -0.368406742811203,
        1.0,
        -0.2466149479150772,
        0.20562511682510376,
        -0.26118430495262146
      ],
      [
        -0.023126544430851936,
        -0.2466149479150772,
        1.0,
        -0.37623268365859985,
        0.09511338174343109
      ],
      [
        -0.20831720530986786,
        0.20562511682510376,
        -0.37623268365859985,
        0.9999999403953552,
        -0.38883036375045776
      ],
      [
        0.009228914976119995,
        -0.26118430495262146,
        0.09511338174343109,
        -0.38883036375045776,
        1.0
      ]
    ],
    "G_sae": [
      [
        1.0,
        -0.2968056797981262,
        -0.14888857305049896,
        -0.07836105674505234,
        -0.024916093796491623
      ],
      [
        -0.2968056797981262,
        0.9999998211860657,
        -0.15314780175685883,
        -0.08984631299972534,
        -0.04897300899028778
      ],
      [
        -0.14888857305049896,
        -0.15314780175685883,
        1.0000001192092896,
        -0.2310519814491272,
        -0.09182295948266983
      ],
      [
        -0.07836105674505234,
        -0.08984631299972534,
        -0.2310519814491272,
        1.0000001192092896,
        -0.35598790645599365
      ],
      [
        -0.024916093796491623,
        -0.04897300899028778,
        -0.09182295948266983,
        -0.35598790645599365,
        0.9999998211860657
      ]
    ],
    "kpca_raw": [
      [
        -0.44875067472457886,
        0.7847269773483276
      ],
      [
        0.6838934421539307,
        -0.39584726095199585
      ],
      [
        -0.5564609169960022,
        -0.4286513924598694
      ],
      [
        0.7527123689651489,
        0.274250328540802
      ],
      [
        -0.590788722038269,
        -0.3011309504508972
      ]
    ],
    "kpca_sae": [
      [
        0.03796191141009331,
        0.8044610619544983
      ],
      [
        -0.0595318041741848,
        -0.8021140098571777
      ],
      [
        0.35466575622558594,
        -0.04187099635601044
      ],
      [
        -0.8632050156593323,
        0.06918388605117798
      ],
      [
        0.714930534362793,
        -0.00520342867821455
      ]
    ],
    "ID_raw": 3.964674472808838,
    "ID_sae": 4.402196884155273
  },
  "wealth": {
    "z_values": [
      -2.0,
      -1.0,
      0.0,
      1.0,
      2.0
    ],
    "eigvals_raw": [
      1.4211333990097046,
      1.283803105354309,
      1.005457878112793,
      0.9580602645874023,
      0.33154532313346863
    ],
    "eigvals_sae": [
      1.57856285572052,
      1.4191524982452393,
      1.06493079662323,
      0.6764582395553589,
      0.26089560985565186
    ],
    "G_raw": [
      [
        0.9999996423721313,
        -0.2969801425933838,
        -0.2465542107820511,
        -0.08806699514389038,
        -0.23630157113075256
      ],
      [
        -0.2969801425933838,
        1.0,
        -0.00644289143383503,
        -0.11479329317808151,
        -0.11735585331916809
      ],
      [
        -0.2465542107820511,
        -0.00644289143383503,
        0.9999999403953552,
        -0.07772959768772125,
        -0.11518730223178864
      ],
      [
        -0.08806699514389038,
        -0.11479329317808151,
        -0.07772959768772125,
        1.0000001192092896,
        -0.3072086274623871
      ],
      [
        -0.23630157113075256,
        -0.11735585331916809,
        -0.11518730223178864,
        -0.3072086274623871,
        1.000000238418579
      ]
    ],
    "G_sae": [
      [
        1.0,
        -0.4518669843673706,
        -0.07167300581932068,
        0.028079479932785034,
        -0.14033035933971405
      ],
      [
        -0.4518669843673706,
        1.0,
        -0.28418415784835815,
        -0.110902339220047,
        -0.049959447234869
      ],
      [
        -0.07167300581932068,
        -0.28418415784835815,
        1.0000001192092896,
        -0.18735569715499878,
        -0.10048861801624298
      ],
      [
        0.028079479932785034,
        -0.110902339220047,
        -0.18735569715499878,
        0.9999998807907104,
        -0.4606943726539612
      ],
      [
        -0.14033035933971405,
        -0.049959447234869,
        -0.10048861801624298,
        -0.4606943726539612,
        1.0
      ]
    ],
    "kpca_raw": [
      [
        0.7809573411941528,
        -0.31540346145629883
      ],
      [
        -0.5205814838409424,
        0.3671649396419525
      ],
      [
        -0.39247214794158936,
        0.38708770275115967
      ],
      [
        0.398741751909256,
        0.6201919913291931
      ],
      [
        -0.4766598641872406,
        -0.7176619172096252
      ]
    ],
    "kpca_sae": [
      [
        -0.6634178757667542,
        0.3340335786342621
      ],
      [
        0.6538057923316956,
        -0.5969023108482361
      ],
      [
        -0.15423136949539185,
        0.5032844543457031
      ],
      [
        -0.5795456767082214,
        -0.6377830505371094
      ],
      [
        0.5927200317382812,
        0.5396474599838257
      ]
    ],
    "ID_raw": 4.380955219268799,
    "ID_sae": 4.054759979248047
  },
  "experience": {
    "z_values": [
      -2.0,
      -1.0,
      0.0,
      1.0,
      2.0
    ],
    "eigvals_raw": [
      1.507716417312622,
      1.2573834657669067,
      1.0013891458511353,
      0.7935532331466675,
      0.43995776772499084
    ],
    "eigvals_sae": [
      1.455863118171692,
      1.3695122003555298,
      1.157684564590454,
      0.7161315083503723,
      0.3008081018924713
    ],
    "G_raw": [
      [
        1.000000238418579,
        -0.3157860040664673,
        -0.30814534425735474,
        -0.1109958216547966,
        -0.036001093685626984
      ],
      [
        -0.3157860040664673,
        1.0000001192092896,
        -0.03313532471656799,
        -0.034419916570186615,
        -0.06458587199449539
      ],
      [
        -0.30814534425735474,
        -0.03313532471656799,
        1.0,
        0.03717871010303497,
        -0.17908601462841034
      ],
      [
        -0.1109958216547966,
        -0.034419916570186615,
        0.03717871010303497,
        0.9999998211860657,
        -0.30322811007499695
      ],
      [
        -0.036001093685626984,
        -0.06458587199449539,
        -0.17908601462841034,
        -0.30322811007499695,
        0.9999998211860657
      ]
    ],
    "G_sae": [
      [
        1.0,
        -0.3895984888076782,
        -0.19127623736858368,
        -0.09885365515947342,
        -0.07757650315761566
      ],
      [
        -0.3895984888076782,
        0.9999997615814209,
        -0.1676306426525116,
        -0.09312830120325089,
        0.00515576358884573
      ],
      [
        -0.19127623736858368,
        -0.1676306426525116,
        1.0000003576278687,
        -0.16814787685871124,
        -0.12939533591270447
      ],
      [
        -0.09885365515947342,
        -0.09312830120325089,
        -0.16814787685871124,
        0.9999998807907104,
        -0.4281969964504242
      ],
      [
        -0.07757650315761566,
        0.00515576358884573,
        -0.12939533591270447,
        -0.4281969964504242,
        0.999999463558197
      ]
    ],
    "kpca_raw": [
      [
        0.7014079093933105,
        -0.4965507686138153
      ],
      [
        -0.4282878339290619,
        0.5306978225708008
      ],
      [
        -0.6071299314498901,
        0.009662991389632225
      ],
      [
        -0.465561181306839,
        -0.5865193009376526
      ],
      [
        0.4969496726989746,
        0.6205500364303589
      ]
    ],
    "kpca_sae": [
      [
        0.3978620767593384,
        0.7509210109710693
      ],
      [
        -0.47828739881515503,
        -0.6657124161720276
      ],
      [
        -0.04803245887160301,
        -0.005892220884561539
      ],
      [
        0.7223788499832153,
        -0.4685131311416626
      ],
      [
        -0.738018810749054,
        0.3780444860458374
      ]
    ],
    "ID_raw": 4.401182174682617,
    "ID_sae": 4.209700107574463
  },
  "bmi_abs": {
    "z_values": [
      -2.0,
      -1.0,
      0.0,
      1.0,
      2.0
    ],
    "eigvals_raw": [
      1.5798866748809814,
      1.176176905632019,
      1.0973153114318848,
      0.7922171950340271,
      0.35440394282341003
    ],
    "eigvals_sae": [
      1.5601451396942139,
      1.305745244026184,
      1.1842279434204102,
      0.6816688776016235,
      0.2682128846645355
    ],
    "G_raw": [
      [
        1.0,
        -0.33868148922920227,
        -0.1332908719778061,
        -0.18098945915699005,
        0.043269235640764236
      ],
      [
        -0.33868148922920227,
        1.0000001192092896,
        -0.1645956188440323,
        0.05477999523282051,
        -0.19158099591732025
      ],
      [
        -0.1332908719778061,
        -0.1645956188440323,
        1.0000001192092896,
        -0.15609540045261383,
        -0.19361019134521484
      ],
      [
        -0.18098945915699005,
        0.05477999523282051,
        -0.15609540045261383,
        0.9999998211860657,
        -0.3501785695552826
      ],
      [
        0.043269235640764236,
        -0.19158099591732025,
        -0.19361019134521484,
        -0.3501785695552826,
        1.0
      ]
    ],
    "G_sae": [
      [
        0.9999997615814209,
        -0.425790011882782,
        -0.18804317712783813,
        -0.11561059951782227,
        0.05150684341788292
      ],
      [
        -0.425790011882782,
        1.0,
        -0.20715533196926117,
        -0.022061817348003387,
        -0.12292735278606415
      ],
      [
        -0.18804317712783813,
        -0.20715533196926117,
        1.0,
        -0.15151187777519226,
        -0.2282671481370926
      ],
      [
        -0.11561059951782227,
        -0.022061817348003387,
        -0.15151187777519226,
        1.000000238418579,
        -0.41565102338790894
      ],
      [
        0.05150684341788292,
        -0.12292735278606415,
        -0.2282671481370926,
        -0.41565102338790894,
        1.0
      ]
    ],
    "kpca_raw": [
      [
        -0.6133602261543274,
        -0.03023907169699669
      ],
      [
        0.6275389790534973,
        0.40599557757377625
      ],
      [
        0.005048670340329409,
        -0.8936861157417297
      ],
      [
        0.6346442103385925,
        0.03751230612397194
      ],
      [
        -0.6380219459533691,
        0.4586370587348938
      ]
    ],
    "kpca_sae": [
      [
        -0.6622219085693359,
        0.4361726939678192
      ],
      [
        0.5810158848762512,
        -0.6718385219573975
      ],
      [
        0.12290787696838379,
        0.37832409143447876
      ],
      [
        0.573058545589447,
        0.4563443660736084
      ],
      [
        -0.6637207269668579,
        -0.5592426061630249
      ]
    ],
    "ID_raw": 4.283208847045898,
    "ID_sae": 4.113174915313721
  }
}