{
  "per_pair_gridB": {
    "height": [
      [
        0.9999999999999265,
        0.17522826756172774,
        0.07033105169591544,
        -0.00013033394813260568,
        0.9760544076428138,
        0.19267814678566825,
        0.07337979324215818
      ],
      [
        0.17522826756172774,
        0.999999999999766,
        -0.00016497973540338141,
        0.14799891575205404,
        0.24327810142749526,
        -0.03019296676884698,
        0.20706437123451188
      ],
      [
        0.07033105169591544,
        -0.00016497973540338141,
        0.9999999999990385,
        0.22356334328986638,
        0.058378804115363274,
        0.016498582859973233,
        0.02826513903381343
      ],
      [
        -0.00013033394813260568,
        0.14799891575205404,
        0.22356334328986638,
        0.9999999999998729,
        0.005031221411398198,
        -0.00010137673267225254,
        0.09460815436491798
      ],
      [
        0.9760544076428138,
        0.24327810142749526,
        0.058378804115363274,
        0.005031221411398198,
        0.9999999999979998,
        -6.938893903907228e-18,
        0.08420617803067948
      ],
      [
        0.19267814678566825,
        -0.03019296676884698,
        0.016498582859973233,
        -0.00010137673267225254,
        -6.938893903907228e-18,
        0.9999999999979996,
        -0.005891128015065122
      ],
      [
        0.07337979324215818,
        0.20706437123451188,
        0.02826513903381343,
        0.09460815436491798,
        0.08420617803067948,
        -0.005891128015065122,
        0.9999999999996814
      ]
    ],
    "age": [
      [
        0.999999999999903,
        -0.16049311150379902,
        0.08131093116222221,
        -0.00013662010596667516,
        0.3482686331546708,
        0.2978131241612244,
        -0.03829283691539739
      ],
      [
        -0.16049311150379902,
        0.9999999999999047,
        -5.090697914319521e-05,
        0.13532815995331232,
        -0.9613964536709521,
        -0.012968910097088006,
        0.2958884319834112
      ],
      [
        0.08131093116222221,
        -5.090697914319521e-05,
        0.9999999999991556,
        0.42999879414458203,
        0.014439916507168294,
        0.020973102693123122,
        0.006672963751785289
      ],
      [
        -0.00013662010596667516,
        0.13532815995331232,
        0.42999879414458203,
        0.9999999999998107,
        -0.11670958440173221,
        0.0028283133572563623,
        0.09596041801931499
      ],
      [
        0.3482686331546708,
        -0.9613964536709521,
        0.014439916507168294,
        -0.11670958440173221,
        0.999999999998,
        -1.3183898417423734e-16,
        -0.2687902614151805
      ],
      [
        0.2978131241612244,
        -0.012968910097088006,
        0.020973102693123122,
        0.0028283133572563623,
        -1.3183898417423734e-16,
        0.9999999999979996,
        -0.045030017972616215
      ],
      [
        -0.03829283691539739,
        0.2958884319834112,
        0.006672963751785289,
        0.09596041801931499,
        -0.2687902614151805,
        -0.045030017972616215,
        0.9999999999995834
      ]
    ],
    "weight": [
      [
        0.9999999999999236,
        0.1512743895423359,
        0.0631460676563731,
        -0.0001345448913394917,
        0.9957091604973959,
        -0.013657316170527713,
        0.09711362773915871
      ],
      [
        0.1512743895423359,
        0.9999999999997025,
        -0.00014172631801546987,
        0.20511340572080466,
        0.14046633506423586,
        -0.09824106870401315,
        0.19369629136833663
      ],
      [
        0.0631460676563731,
        -0.00014172631801546987,
        0.9999999999991667,
        0.14638570447537436,
        0.054972234713067905,
        -0.002775283886961631,
        0.02774321185943012
      ],
      [
        -0.0001345448913394917,
        0.20511340572080466,
        0.14638570447537436,
        0.999999999999921,
        0.0035075525003727347,
        -0.005148681240479715,
        0.09216768520548482
      ],
      [
        0.9957091604973959,
        0.14046633506423586,
        0.054972234713067905,
        0.0035075525003727347,
        0.9999999999979998,
        -5.204170427930421e-17,
        0.09532799169912584
      ],
      [
        -0.013657316170527713,
        -0.09824106870401315,
        -0.002775283886961631,
        -0.005148681240479715,
        -5.204170427930421e-17,
        0.9999999999979999,
        -0.02731762780807377
      ],
      [
        0.09711362773915871,
        0.19369629136833663,
        0.02774321185943012,
        0.09216768520548482,
        0.09532799169912584,
        -0.02731762780807377,
        0.9999999999998548
      ]
    ],
    "size": [
      [
        0.9999999999999079,
        -0.5911943825517223,
        0.06665247434178684,
        0.012058629615746757,
        0.7374636032243809,
        0.6265959061719002,
        0.06462088049166043
      ],
      [
        -0.5911943825517223,
        0.999999999999937,
        0.0043107535053910784,
        0.05441964321713579,
        -0.9750018359971135,
        0.21432080132289597,
        0.08859803004290487
      ],
      [
        0.06665247434178684,
        0.0043107535053910784,
        0.9999999999992676,
        0.19817093154575308,
        0.0074612555756642315,
        0.0631506343567678,
        0.016099949968583903
      ],
      [
        0.012058629615746757,
        0.05441964321713579,
        0.19817093154575308,
        0.9999999999999113,
        -0.0337549848960039,
        0.07319493098472803,
        0.09897169498560972
      ],
      [
        0.7374636032243809,
        -0.9750018359971135,
        0.0074612555756642315,
        -0.0337549848960039,
        0.999999999998,
        -3.469446951953614e-18,
        -0.04987256337234867
      ],
      [
        0.6265959061719002,
        0.21432080132289597,
        0.0631506343567678,
        0.07319493098472803,
        -3.469446951953614e-18,
        0.999999999998,
        0.1670320015562178
      ],
      [
        0.06462088049166043,
        0.08859803004290487,
        0.016099949968583903,
        0.09897169498560972,
        -0.04987256337234867,
        0.1670320015562178,
        0.9999999999998297
      ]
    ],
    "speed": [
      [
        0.9999999999999135,
        0.07673026428067091,
        0.06916373081863014,
        0.01385398123863037,
        0.2351682832674965,
        -0.9577563772895488,
        0.10809923563690127
      ],
      [
        0.07673026428067091,
        0.9999999999998841,
        0.0051262886692409835,
        0.11435389149516967,
        0.94775425685221,
        0.18853363343838236,
        0.1044102239074488
      ],
      [
        0.06916373081863014,
        0.0051262886692409835,
        0.9999999999991895,
        0.3441794426208011,
        0.013663888718624641,
        -0.059576629350026306,
        0.01730351784606289
      ],
      [
        0.01385398123863037,
        0.11435389149516967,
        0.3441794426208011,
        0.9999999999999578,
        0.09275335806566491,
        0.01578485195110706,
        0.08242418905939572
      ],
      [
        0.2351682832674965,
        0.94775425685221,
        0.013663888718624641,
        0.09275335806566491,
        0.9999999999979996,
        2.2551405187698492e-17,
        0.10417408678049588
      ],
      [
        -0.9577563772895488,
        0.18853363343838236,
        -0.059576629350026306,
        0.01578485195110706,
        2.2551405187698492e-17,
        0.999999999998,
        -0.08020508158481482
      ],
      [
        0.10809923563690127,
        0.1044102239074488,
        0.01730351784606289,
        0.08242418905939572,
        0.10417408678049588,
        -0.08020508158481482,
        0.999999999999871
      ]
    ],
    "wealth": [
      [
        0.9999999999998996,
        0.12053029399064931,
        0.08049218540163772,
        -0.00015804738535358598,
        0.6868096697547068,
        0.5382689925449244,
        0.0074881658030724035
      ],
      [
        0.12053029399064931,
        0.999999999999861,
        -9.056131660105556e-05,
        0.07486005860312782,
        -0.08358432344938002,
        0.8245907046564992,
        0.13764794200280056
      ],
      [
        0.08049218540163772,
        -9.056131660105556e-05,
        0.9999999999991915,
        0.19856136472353944,
        0.03787666101116344,
        0.0375744946256165,
        -0.00479187643305267
      ],
      [
        -0.00015804738535358598,
        0.07486005860312782,
        0.19856136472353944,
        0.9999999999999998,
        -0.0158554317094934,
        0.053408949554206955,
        0.05386922854726389
      ],
      [
        0.6868096697547068,
        -0.08358432344938002,
        0.03787666101116344,
        -0.0158554317094934,
        0.9999999999980003,
        3.8163916471489756e-17,
        0.00022820340979422173
      ],
      [
        0.5382689925449244,
        0.8245907046564992,
        0.0375744946256165,
        0.053408949554206955,
        3.8163916471489756e-17,
        0.9999999999979998,
        0.09138655841853985
      ],
      [
        0.0074881658030724035,
        0.13764794200280056,
        -0.00479187643305267,
        0.05386922854726389,
        0.00022820340979422173,
        0.09138655841853985,
        1.0
      ]
    ],
    "experience": [
      [
        0.999999999999934,
        0.00845477856319617,
        0.049410223081541096,
        0.018646435494351816,
        0.48427403090972504,
        0.8638515023484516,
        0.0733261423244127
      ],
      [
        0.00845477856319617,
        0.9999999999999296,
        0.00952472640672276,
        0.06189038029182627,
        -0.8671510828420539,
        0.4914412102964698,
        0.09543618820426375
      ],
      [
        0.049410223081541096,
        0.00952472640672276,
        0.99999999999924,
        0.4075073272427088,
        0.010072212802030703,
        0.04027596394309131,
        -0.0027310510668729533
      ],
      [
        0.018646435494351816,
        0.06189038029182627,
        0.4075073272427088,
        0.99999999999979,
        -0.03667358858278487,
        0.043993442419622567,
        0.11499694291897533
      ],
      [
        0.48427403090972504,
        -0.8671510828420539,
        0.010072212802030703,
        -0.03667358858278487,
        0.9999999999979998,
        -5.204170427930421e-18,
        -0.03487793307183795
      ],
      [
        0.8638515023484516,
        0.4914412102964698,
        0.04027596394309131,
        0.043993442419622567,
        -5.204170427930421e-18,
        0.9999999999979999,
        0.10273494011114936
      ],
      [
        0.0733261423244127,
        0.09543618820426375,
        -0.0027310510668729533,
        0.11499694291897533,
        -0.03487793307183795,
        0.10273494011114936,
        0.9999999999993552
      ]
    ],
    "bmi_abs": [
      [
        0.9999999999999293,
        0.48444393659692364,
        0.058974250151937094,
        -0.0001396296994200716,
        0.9462492998824511,
        0.05146646476535341,
        -0.01686236302052136
      ],
      [
        0.48444393659692364,
        0.9999999999998923,
        -4.170075830354234e-05,
        0.10220991330635737,
        0.7195672731183795,
        -0.3957101029640822,
        0.21836800512084925
      ],
      [
        0.058974250151937094,
        -4.170075830354234e-05,
        0.999999999999162,
        0.1934944218941675,
        0.03918382360918942,
        0.0025678235617518225,
        -0.04810561183814696
      ],
      [
        -0.0001396296994200716,
        0.10220991330635737,
        0.1934944218941675,
        0.9999999999997554,
        0.03521444655327654,
        -0.0363109262516019,
        0.09218514358511096
      ],
      [
        0.9462492998824511,
        0.7195672731183795,
        0.03918382360918942,
        0.03521444655327654,
        0.9999999999979997,
        8.673617379884035e-18,
        0.06484410884333802
      ],
      [
        0.05146646476535341,
        -0.3957101029640822,
        0.0025678235617518225,
        -0.0363109262516019,
        8.673617379884035e-18,
        0.999999999998,
        -0.10868299443439228
      ],
      [
        -0.01686236302052136,
        0.21836800512084925,
        -0.04810561183814696,
        0.09218514358511096,
        0.06484410884333802,
        -0.10868299443439228,
        0.9999999999991985
      ]
    ]
  },
  "per_pair_gridA": {
    "height": [
      [
        0.9999999999999287,
        0.916560555080054,
        0.0766335104719512,
        0.034755848580801794,
        0.9501381998089546,
        0.3085370807986425,
        0.1105234729275835
      ],
      [
        0.916560555080054,
        0.9999999999998654,
        0.06729312062395176,
        0.09144928115975842,
        0.8726197709936643,
        0.3011447154408028,
        0.17447165304699064
      ],
      [
        0.0766335104719512,
        0.06729312062395176,
        0.9999999999989972,
        0.48766034203032504,
        0.06544340467758993,
        0.029714951081068086,
        0.006158892759819073
      ],
      [
        0.034755848580801794,
        0.09144928115975842,
        0.48766034203032504,
        0.9999999999998636,
        0.03125094907501593,
        0.016196516430537884,
        0.11554609434231364
      ],
      [
        0.9501381998089546,
        0.8726197709936643,
        0.06544340467758993,
        0.03125094907501593,
        0.9999999999979999,
        -3.469446951953614e-17,
        0.11386939686795974
      ],
      [
        0.3085370807986425,
        0.3011447154408028,
        0.029714951081068086,
        0.016196516430537884,
        -3.469446951953614e-17,
        0.9999999999979997,
        0.011464361384684742
      ],
      [
        0.1105234729275835,
        0.17447165304699064,
        0.006158892759819073,
        0.11554609434231364,
        0.11386939686795974,
        0.011464361384684742,
        0.9999999999996814
      ]
    ],
    "age": [
      [
        0.9999999999999292,
        0.9611134148642766,
        0.10353022618258183,
        0.1000256375444415,
        0.9384995632891922,
        -0.33135991859594616,
        0.13258860857527316
      ],
      [
        0.9611134148642766,
        0.9999999999999168,
        0.09107659841213439,
        0.12794233338823832,
        0.939827373947482,
        -0.28314813267787853,
        0.19904259474328165
      ],
      [
        0.10353022618258183,
        0.09107659841213439,
        0.9999999999992708,
        0.6242325507515801,
        0.08615851157266158,
        -0.050540546755600935,
        0.024547237761234658
      ],
      [
        0.1000256375444415,
        0.12794233338823832,
        0.6242325507515801,
        0.999999999999795,
        0.09864098437552542,
        -0.044646762990080746,
        0.09054988090333876
      ],
      [
        0.9384995632891922,
        0.939827373947482,
        0.08615851157266158,
        0.09864098437552542,
        0.9999999999980002,
        0.0,
        0.13752663347345298
      ],
      [
        -0.33135991859594616,
        -0.28314813267787853,
        -0.050540546755600935,
        -0.044646762990080746,
        0.0,
        0.9999999999979998,
        -0.0687723147925312
      ],
      [
        0.13258860857527316,
        0.19904259474328165,
        0.024547237761234658,
        0.09054988090333876,
        0.13752663347345298,
        -0.0687723147925312,
        0.9999999999995834
      ]
    ],
    "weight": [
      [
        0.9999999999999281,
        0.9811942774377337,
        0.07575459114053804,
        0.04392436028023407,
        0.9969709956311977,
        -0.06128385063622781,
        0.12063807521834156
      ],
      [
        0.9811942774377337,
        0.9999999999999056,
        0.0786963650975647,
        0.08348320159401025,
        0.9848280102728322,
        -0.07122142265715531,
        0.14693015792305508
      ],
      [
        0.07575459114053804,
        0.0786963650975647,
        0.999999999999237,
        0.46324091912952253,
        0.07605303639549486,
        -0.007598084623016891,
        0.013533076345874737
      ],
      [
        0.04392436028023407,
        0.08348320159401025,
        0.46324091912952253,
        0.9999999999998985,
        0.05032127707101727,
        -0.005212398173055917,
        0.11811710440633535
      ],
      [
        0.9969709956311977,
        0.9848280102728322,
        0.07605303639549486,
        0.05032127707101727,
        0.9999999999979998,
        5.204170427930421e-17,
        0.12773293274706662
      ],
      [
        -0.06128385063622781,
        -0.07122142265715531,
        -0.007598084623016891,
        -0.005212398173055917,
        5.204170427930421e-17,
        0.9999999999979998,
        0.03431058201400004
      ],
      [
        0.12063807521834156,
        0.14693015792305508,
        0.013533076345874737,
        0.11811710440633535,
        0.12773293274706662,
        0.03431058201400004,
        0.9999999999998548
      ]
    ],
    "size": [
      [
        0.9999999999999254,
        0.713548934955784,
        0.08454653012765638,
        0.05773388654882533,
        0.771273346937184,
        0.627875364888503,
        0.11174374271887166
      ],
      [
        0.713548934955784,
        0.9999999999998919,
        0.09173834173324581,
        0.10243046836328462,
        0.12083940906738314,
        0.9798019930677108,
        0.18636832208724333
      ],
      [
        0.08454653012765638,
        0.09173834173324581,
        0.9999999999994916,
        0.6336804403212248,
        0.03332174100376945,
        0.0850800903196911,
        0.0630991343075347
      ],
      [
        0.05773388654882533,
        0.10243046836328462,
        0.6336804403212248,
        0.9999999999999056,
        0.0034968569627595696,
        0.08761962136728454,
        0.1258343680174988
      ],
      [
        0.771273346937184,
        0.12083940906738314,
        0.03332174100376945,
        0.0034968569627595696,
        0.9999999999980002,
        4.163336342344337e-17,
        0.0025154539672386147
      ],
      [
        0.627875364888503,
        0.9798019930677108,
        0.0850800903196911,
        0.08761962136728454,
        4.163336342344337e-17,
        0.9999999999979999,
        0.1772311625623049
      ],
      [
        0.11174374271887166,
        0.18636832208724333,
        0.0630991343075347,
        0.1258343680174988,
        0.0025154539672386147,
        0.1772311625623049,
        0.9999999999998297
      ]
    ],
    "speed": [
      [
        0.9999999999999324,
        0.9512257339518231,
        0.08180268916836225,
        0.04923531461183054,
        0.9974960069451853,
        0.011169245214500627,
        0.13745629515592733
      ],
      [
        0.9512257339518231,
        0.9999999999999168,
        0.08237682991860786,
        0.08983233698427831,
        0.9652551596023569,
        -0.11811636968819872,
        0.16419739152726137
      ],
      [
        0.08180268916836225,
        0.08237682991860786,
        0.9999999999993738,
        0.6195782571849557,
        0.08308065725925733,
        0.00317231674973973,
        0.030479781659155415
      ],
      [
        0.04923531461183054,
        0.08983233698427831,
        0.6195782571849557,
        0.9999999999999545,
        0.05726979734555334,
        -0.013900175047618469,
        0.05347873456633749
      ],
      [
        0.9974960069451853,
        0.9652551596023569,
        0.08308065725925733,
        0.05726979734555334,
        0.999999999998,
        4.163336342344337e-17,
        0.14494264904705134
      ],
      [
        0.011169245214500627,
        -0.11811636968819872,
        0.00317231674973973,
        -0.013900175047618469,
        4.163336342344337e-17,
        0.9999999999979998,
        0.032519419587191026
      ],
      [
        0.13745629515592733,
        0.16419739152726137,
        0.030479781659155415,
        0.05347873456633749,
        0.14494264904705134,
        0.032519419587191026,
        0.999999999999871
      ]
    ],
    "wealth": [
      [
        0.999999999999925,
        0.9097179538351708,
        0.08940366682089036,
        0.038042466629425745,
        0.991561273295401,
        -0.10284527832777242,
        0.07895830643229025
      ],
      [
        0.9097179538351708,
        0.9999999999998953,
        0.07807749768175629,
        0.06229937897056479,
        0.9058663786340999,
        -0.21277047749024042,
        0.11197847367456035
      ],
      [
        0.08940366682089036,
        0.07807749768175629,
        0.9999999999991734,
        0.35798639896818835,
        0.08587962722058727,
        0.00679016434091307,
        0.04040083156405667
      ],
      [
        0.038042466629425745,
        0.06229937897056479,
        0.35798639896818835,
        1.0,
        0.03668372810371083,
        -0.03137326246107032,
        0.049963298071250925
      ],
      [
        0.991561273295401,
        0.9058663786340999,
        0.08587962722058727,
        0.03668372810371083,
        0.9999999999979998,
        -1.5612511283791264e-17,
        0.07320119516922166
      ],
      [
        -0.10284527832777242,
        -0.21277047749024042,
        0.00679016434091307,
        -0.03137326246107032,
        -1.5612511283791264e-17,
        0.9999999999979997,
        -0.09729440626309063
      ],
      [
        0.07895830643229025,
        0.11197847367456035,
        0.04040083156405667,
        0.049963298071250925,
        0.07320119516922166,
        -0.09729440626309063,
        1.0
      ]
    ],
    "experience": [
      [
        0.9999999999999473,
        0.8279022893619522,
        0.052096654556927635,
        0.03960205382526278,
        0.9396200454504792,
        -0.28963112021541426,
        0.09256083633678741
      ],
      [
        0.8279022893619522,
        0.9999999999999267,
        0.047375049883497646,
        0.06398377041186817,
        0.6127434362871307,
        -0.771529615070776,
        0.11759506247343965
      ],
      [
        0.052096654556927635,
        0.047375049883497646,
        0.999999999999391,
        0.6348804936322016,
        0.04242088614485986,
        -0.021754153400236977,
        0.04206210268471747
      ],
      [
        0.03960205382526278,
        0.06398377041186817,
        0.6348804936322016,
        0.9999999999997944,
        0.020099008783836775,
        -0.04911736299136267,
        0.11155788425689467
      ],
      [
        0.9396200454504792,
        0.6127434362871307,
        0.04242088614485986,
        0.020099008783836775,
        0.9999999999979997,
        6.071532165918825e-18,
        0.059462396022731456
      ],
      [
        -0.28963112021541426,
        -0.771529615070776,
        -0.021754153400236977,
        -0.04911736299136267,
        6.071532165918825e-18,
        0.9999999999980002,
        -0.0710680404174693
      ],
      [
        0.09256083633678741,
        0.11759506247343965,
        0.04206210268471747,
        0.11155788425689467,
        0.059462396022731456,
        -0.0710680404174693,
        0.9999999999993552
      ]
    ],
    "bmi_abs": [
      [
        0.999999999999954,
        0.995016770581614,
        0.061325678361663416,
        0.060957765629224496,
        0.9845616131057697,
        0.16955326064303386,
        0.070044430279792
      ],
      [
        0.995016770581614,
        0.9999999999999486,
        0.05508171330066419,
        0.07174089636446665,
        0.9827675005662421,
        0.17024066806145594,
        0.0935968958333408
      ],
      [
        0.061325678361663416,
        0.05508171330066419,
        0.9999999999991671,
        0.5288612391449302,
        0.05591385259124721,
        0.021810836159486285,
        -0.013286264856739045
      ],
      [
        0.060957765629224496,
        0.07174089636446665,
        0.5288612391449302,
        0.9999999999996385,
        0.06151082385809337,
        0.019997769739501,
        0.05766402483840215
      ],
      [
        0.9845616131057697,
        0.9827675005662421,
        0.05591385259124721,
        0.06151082385809337,
        0.9999999999980002,
        -6.938893903907228e-18,
        0.07575265542267315
      ],
      [
        0.16955326064303386,
        0.17024066806145594,
        0.021810836159486285,
        0.019997769739501,
        -6.938893903907228e-18,
        0.999999999998,
        0.02448755473903881
      ],
      [
        0.070044430279792,
        0.0935968958333408,
        -0.013286264856739045,
        0.05766402483840215,
        0.07575265542267315,
        0.02448755473903881,
        0.9999999999991985
      ]
    ]
  },
  "cross_grid": {
    "height": {
      "corr_xz_gridA": 0.5773502691896257,
      "corr_xz_gridB": 0.0,
      "cos_gridA_gridB_per_direction": {
        "primal_z": 0.9824091437273104,
        "primal_x": 0.6639742790329487,
        "probe_z": 0.35915773259048067,
        "probe_x": 0.49542326195821507,
        "pc1": 0.9754495562017109,
        "pc2": 0.9747308432791251,
        "zeroshot_wx": 0.9999999999996814
      }
    },
    "age": {
      "corr_xz_gridA": 0.816496580927726,
      "corr_xz_gridB": 0.0,
      "cos_gridA_gridB_per_direction": {
        "primal_z": 0.8246463765910677,
        "primal_x": 0.5866478909280292,
        "probe_z": 0.3958268793631963,
        "probe_x": 0.49500911549699167,
        "pc1": -0.35315455351446523,
        "pc2": 0.3510219056455513,
        "zeroshot_wx": 0.9999999999995834
      }
    },
    "weight": {
      "corr_xz_gridA": 0.769309258162072,
      "corr_xz_gridB": 0.0,
      "cos_gridA_gridB_per_direction": {
        "primal_z": 0.9745833529200097,
        "primal_x": 0.489051324240802,
        "probe_z": 0.28358682248287165,
        "probe_x": 0.4304114552165995,
        "pc1": 0.9594183904149763,
        "pc2": -0.8979560404036652,
        "zeroshot_wx": 0.9999999999998548
      }
    },
    "size": {
      "corr_xz_gridA": 0.7779318694638429,
      "corr_xz_gridB": 0.13021190240016067,
      "cos_gridA_gridB_per_direction": {
        "primal_z": 0.9478293184610885,
        "primal_x": 0.3635459016545737,
        "probe_z": 0.21063977142345536,
        "probe_x": 0.3500402744693177,
        "pc1": 0.9494425281388686,
        "pc2": 0.900416689789419,
        "zeroshot_wx": 0.9999999999998297
      }
    },
    "speed": {
      "corr_xz_gridA": 0.7739945730220614,
      "corr_xz_gridB": 0.0876374330997872,
      "cos_gridA_gridB_per_direction": {
        "primal_z": 0.9638552028868022,
        "primal_x": 0.4603974911900978,
        "probe_z": 0.28182262854027823,
        "probe_x": 0.3852157041784257,
        "pc1": 0.37920469204187346,
        "pc2": -0.1358973488566983,
        "zeroshot_wx": 0.999999999999871
      }
    },
    "wealth": {
      "corr_xz_gridA": 0.6301264506159177,
      "corr_xz_gridB": 0.0,
      "cos_gridA_gridB_per_direction": {
        "primal_z": 0.9130484930276432,
        "primal_x": 0.7274875984503869,
        "probe_z": 0.29659407848044217,
        "probe_x": 0.45440859395962935,
        "pc1": 0.7332806602746145,
        "pc2": -0.4481824484046464,
        "zeroshot_wx": 1.0
      }
    },
    "experience": {
      "corr_xz_gridA": 0.7185275384870372,
      "corr_xz_gridB": 0.20292910426376545,
      "cos_gridA_gridB_per_direction": {
        "primal_z": 0.9725437029977758,
        "primal_x": 0.650034726210418,
        "probe_z": 0.27303849845620576,
        "probe_x": 0.409461037006852,
        "pc1": 0.6364564035896174,
        "pc2": -0.6036000749521485,
        "zeroshot_wx": 0.9999999999993552
      }
    },
    "bmi_abs": {
      "corr_xz_gridA": 0.8559696155144645,
      "corr_xz_gridB": -1.0013071097916947e-17,
      "cos_gridA_gridB_per_direction": {
        "primal_z": 0.914095045646915,
        "primal_x": 0.8017505666407394,
        "probe_z": 0.3195002528389279,
        "probe_x": 0.3379308706412932,
        "pc1": 0.929977055722958,
        "pc2": 0.17407449046936402,
        "zeroshot_wx": 0.9999999999991985
      }
    }
  },
  "mean_cos_gridA": [
    [
      0.9999999999999337,
      0.907034991258551,
      0.0781366933538214,
      0.053034666706255784,
      0.9462651305579205,
      0.04150184797116492,
      0.10681422095560836
    ],
    [
      0.907034991258551,
      0.9999999999999083,
      0.07396443958142782,
      0.08664520840455871,
      0.7980933799213988,
      -0.0006998301267849491,
      0.14927256891364662
    ],
    [
      0.0781366933538214,
      0.07396443958142782,
      0.9999999999992627,
      0.5437650801453661,
      0.06603396460818343,
      0.008334446734005433,
      0.02587434902820671
    ],
    [
      0.053034666706255784,
      0.08664520840455871,
      0.5437650801453661,
      0.9999999999998562,
      0.044909178196939056,
      -0.002554506765733086,
      0.09033892367529647
    ],
    [
      0.9462651305579205,
      0.7980933799213988,
      0.06603396460818343,
      0.044909178196939056,
      0.9999999999979999,
      1.0516761073109393e-17,
      0.09187541408967444
    ],
    [
      0.04150184797116492,
      -0.0006998301267849491,
      0.008334446734005433,
      -0.002554506765733086,
      1.0516761073109393e-17,
      0.9999999999979998,
      0.005359789851766047
    ],
    [
      0.10681422095560836,
      0.14927256891364662,
      0.02587434902820671,
      0.09033892367529647,
      0.09187541408967444,
      0.005359789851766047,
      0.9999999999996718
    ]
  ],
  "mean_cos_gridB": [
    [
      0.9999999999999172,
      0.03312180455999779,
      0.06743511428875545,
      0.005482483789814563,
      0.6762496360417051,
      0.19990755541468072,
      0.046109080662680615
    ],
    [
      0.03312180455999779,
      0.9999999999998597,
      0.002308986684236022,
      0.1120217960424735,
      -0.10450846618714732,
      0.14772166264752712,
      0.16763868548306587
    ],
    [
      0.06743511428875545,
      0.002308986684236022,
      0.9999999999991764,
      0.26773266624209907,
      0.029506099631533993,
      0.014836086100416982,
      0.005057030390200381
    ],
    [
      0.005482483789814563,
      0.1120217960424735,
      0.26773266624209907,
      0.9999999999998775,
      -0.008310876382412749,
      0.01845618800527089,
      0.09064793208575916
    ],
    [
      0.6762496360417051,
      -0.10450846618714732,
      0.029506099631533993,
      -0.008310876382412749,
      0.9999999999979998,
      -1.6263032587282567e-17,
      -0.000595023636991706
    ],
    [
      0.19990755541468072,
      0.14772166264752712,
      0.014836086100416982,
      0.01845618800527089,
      -1.6263032587282567e-17,
      0.9999999999979998,
      0.011753331283868101
    ],
    [
      0.046109080662680615,
      0.16763868548306587,
      0.005057030390200381,
      0.09064793208575916,
      -0.000595023636991706,
      0.011753331283868101,
      0.9999999999996718
    ]
  ],
  "meta_w1_gridA": [
    -0.006617545662510572,
    0.0009276174333363862,
    0.010208564056057698,
    -0.009707613690493066,
    -0.0006146838093294944,
    0.00014344673749340397,
    -0.004126043622761454,
    -0.013624350378058253,
    -0.004284354934644001,
    -0.03370762460769268,
    0.004167390053083281,
    0.01949634845592949,
    0.0029775890000725337,
    -0.034318580959170175,
    -0.004825794165287983,
    -0.005028344033708291,
    -0.006878617284632045,
    -0.01825531981661968,
    0.004908903674007014,
    -0.04124858503875477,
    -0.0028187256682157503,
    0.05043635227672037,
    -0.058808775195620784,
    -0.023577037719016158,
    -0.00407270678776907,
    -0.011516699083228426,
    -0.002981936682696323,
    0.011834173807736395,
    -0.001055087629640947,
    -0.011799156981015227,
    -0.004441198044486856,
    -0.008484172105080108,
    -0.008112439719064902,
    0.01857745366565259,
    -0.01015265480448456,
    0.003922766908726841,
    -0.00537513819908898,
    -0.016020133392704066,
    -0.03986231484143641,
    0.003641780447325827,
    0.07697366710208084,
    -0.015824482493635408,
    -0.010253654143289201,
    0.006871816731312974,
    -0.015667863578184383,
    -0.029111847346026114,
    0.0510739217715014,
    -0.024668461266721734,
    0.009455217291974335,
    0.007693461057668229,
    -0.016791113128250264,
    -0.002170421910485987,
    0.010817814615422663,
    0.030954232716531884,
    -0.00359732666425471,
    0.002986351980418953,
    -0.02655206302505575,
    -0.007971350137235768,
    0.03355606436846315,
    -0.028452858289774192,
    -0.0014983926798029516,
    0.024134281317655677,
    -0.020223521789256006,
    -0.0022979345854212694,
    0.018703491864112933,
    0.0006384684272664234,
    -0.02658044727078874,
    -0.009072822844752769,
    -0.02066177737928613,
    -0.03585136796260433,
    -0.006991722492360022,
    -0.0017143541141145704,
    -0.03950504733570079,
    0.03076641217298165,
    -0.022316719737579038,
    0.011801742454619827,
    0.005597919294866979,
    0.005751328455882676,
    -0.005422676088102166,
    0.015845820263652943,
    -0.0035825950485958128,
    -0.02527262810397453,
    -0.005289544918437609,
    0.015161363498726382,
    -0.021662677755927624,
    0.0058803732847387555,
    4.176788451315262e-05,
    -0.003321680543691497,
    0.0020830261022711308,
    -0.0009272964607129279,
    0.003165491590071759,
    -0.009723829948495945,
    -0.03794133308763303,
    -4.353517402277258e-05,
    -0.016694963734312854,
    -0.009628793756725965,
    -0.030127118534793416,
    -0.00770779199791885,
    0.02044408355207413,
    0.00206129354625809,
    -0.028013459652112414,
    0.002648280995039023,
    -0.01666371082188433,
    0.008988760677545454,
    -0.008531455552148234,
    0.00754874642137241,
    -0.004514906974827443,
    0.02086729070231944,
    -0.0010021519826421393,
    0.015072178715757036,
    0.0009639800613111769,
    0.0014469827522194442,
    0.004648745410879036,
    0.00919942053544644,
    0.008654811405155607,
    0.009746426564820457,
    -0.01067343216864896,
    0.00038279235132254464,
    0.008847966082210001,
    -0.012453001889537107,
    -0.003675756228430914,
    -0.009469768929836277,
    0.019559771702980695,
    -0.010192615713975315,
    0.0010143517248197137,
    0.008388724882767104,
    -0.008246106710708181,
    -0.013523542494178389,
    0.019654479795885506,
    0.004125944483715082,
    -0.004657723710688935,
    0.023351970325506052,
    -0.008496254032705307,
    -0.0059918931308459485,
    -0.08141128685739879,
    -0.007837063617011922,
    -0.007144858069650307,
    0.002433800202203128,
    0.0005221093653385081,
    0.006179596179840751,
    0.010125532930193332,
    -0.010159860238042911,
    -0.0035615066927080006,
    -0.01853303991510597,
    0.013048657069164579,
    0.046978404399313875,
    -0.0014358562922256416,
    -0.030079304625350453,
    -0.0038370188662363264,
    -0.0019290025061518407,
    -0.004363911534747614,
    0.016946937319489156,
    -0.000661559745042493,
    -0.04517219264948703,
    -0.004718767491894122,
    0.012347408693593452,
    -0.021848632120133597,
    -0.0165485809120183,
    -0.022153130717307866,
    0.008772022541392083,
    0.05134812123338795,
    -0.002269722372346095,
    0.021741658241168086,
    0.0006712256811058359,
    0.02234533809290817,
    -0.022792011017369232,
    -0.03275199572630315,
    0.014330003020244694,
    -0.0489520574979721,
    0.018334088021207895,
    0.009327251963085419,
    -0.05428834319609528,
    0.013647514386393812,
    0.01922801393713065,
    0.00012904544558527668,
    0.008975375258951078,
    0.009192175243673792,
    -0.0008300058797524632,
    -0.019014702317116734,
    -0.00832619249971219,
    -0.0023085585293957287,
    0.03964648501705612,
    0.018595857991008918,
    -0.011468395658376394,
    3.6145073546593424e-05,
    0.04367868470760411,
    -0.005242639346693956,
    0.003998683995436162,
    -0.004167817583846686,
    0.0007664971193037702,
    -0.010231782370683536,
    -0.0021055048822407486,
    -0.002921640909474147,
    -0.007712082156667428,
    -0.01678841795507877,
    -0.051093016527060935,
    -0.0027175003314409197,
    -0.009138886139731853,
    -0.0033714073621228407,
    0.015245336094141216,
    -0.006717823888127834,
    0.001357198470902953,
    0.013134666286580434,
    -0.011200670487792457,
    -0.007754928412385534,
    0.001717619636399277,
    0.0007054138342403088,
    -0.014164157917143354,
    -0.012102767539437776,
    -0.0007841647911878252,
    0.006929297775715726,
    -0.00990543633875711,
    -0.018540767304655,
    0.02278836826440719,
    -0.02510551101477969,
    0.009719335176584484,
    -0.002048611005277562,
    0.014215153897888454,
    -0.02160605549615279,
    0.0013704680410476019,
    0.0010471589989548475,
    0.017116063417672946,
    0.027974213924372236,
    0.016588702819807438,
    0.002930999978601062,
    -0.020321395716641908,
    0.0029001019488865236,
    -0.00038497035469203924,
    -0.02172484455462621,
    -0.012545388647545501,
    0.008558189987037664,
    0.007984592487475146,
    0.005157206298791649,
    0.0022792232379942098,
    -0.0045147614844893574,
    -0.006385763706854831,
    0.005018693405935988,
    -0.01336078221949012,
    0.019676540792971143,
    -0.011924335547998268,
    0.036698045936424374,
    0.009149932744089229,
    0.0026213822391743056,
    0.00755236767221107,
    -0.02785430733574406,
    0.007685913556489163,
    -0.050711785942624515,
    0.036371989528240355,
    0.011399071832853155,
    -0.0007979777880494987,
    -0.00351628883389006,
    0.008502094235943662,
    0.003632374556919295,
    0.0018845011427830744,
    -0.0076037000512646806,
    -0.002218448897529315,
    0.030314701914947704,
    -0.012539105298232761,
    0.001566881107975981,
    0.009996893931563637,
    -0.006308355117597765,
    -0.009732473910344422,
    -0.017670766342301556,
    -0.015534147767272154,
    -0.038273813189879685,
    -0.020982009089442293,
    0.021688720567161212,
    -0.00018151302399097255,
    -0.00441925993947063,
    -0.017745748605201825,
    -0.010152635023297807,
    0.014379134202413844,
    -0.00501782576678735,
    0.0006616855967545563,
    -0.00615497054330694,
    0.001330063064751837,
    -0.004605376606356071,
    0.0021494118793732252,
    -0.030150453111526383,
    -0.005199916380656824,
    -0.014324128764826815,
    0.010902879499299668,
    0.01643674784311763,
    -0.038689860762380554,
    0.012906166664073718,
    0.019352334839468924,
    -0.046202658081217485,
    0.003923650142776611,
    0.0100592521820341,
    0.007520439464538955,
    -0.034296287594944345,
    -0.001338705693441906,
    0.016060225908205952,
    0.010623426759700213,
    0.0067232420054527025,
    -0.011616433569750425,
    0.019859578419067856,
    -0.026974021849684334,
    -0.0021170037167391183,
    -0.007971959320954337,
    -0.017285895904949895,
    -0.015862655162768594,
    -0.0061938315988884,
    0.003981308556180771,
    0.0017535567442986276,
    -0.009947359090327425,
    -0.008487868958046612,
    -0.0011131426421344933,
    -0.0005345974195034578,
    0.0023421830649540836,
    0.010900641787772029,
    0.00829749861418687,
    0.011590224092073947,
    -0.005145814943702288,
    -0.005986381982718989,
    0.001977078187329992,
    0.005157097663938088,
    0.00386156988035242,
    0.0047538261691747775,
    0.017110837050015655,
    0.016268892538182308,
    -0.009365998292768735,
    -0.01161832676037284,
    -0.022814597160263617,
    0.0081165014564512,
    -0.011714683421823892,
    -0.0007970010517644579,
    -0.0020313315326816604,
    -0.0022181206945677376,
    0.014310629351912756,
