{
  "direction_names": [
    "primal_z",
    "primal_x",
    "probe_z",
    "probe_x",
    "pc1",
    "pc2",
    "zeroshot_wx"
  ],
  "per_pair_cosine_matrices": {
    "height": [
      [
        0.9999999999999287,
        0.916560555080054,
        0.0766335104719512,
        0.034755848580801794,
        0.9501381998089548,
        0.3085370807986429,
        0.1105234729275835
      ],
      [
        0.916560555080054,
        0.9999999999998654,
        0.06729312062395176,
        0.09144928115975842,
        0.8726197709936643,
        0.30114471544080634,
        0.17447165304699064
      ],
      [
        0.0766335104719512,
        0.06729312062395176,
        0.9999999999989972,
        0.48766034203032504,
        0.06544340467758995,
        0.029714951081068783,
        0.006158892759819073
      ],
      [
        0.034755848580801794,
        0.09144928115975842,
        0.48766034203032504,
        0.9999999999998636,
        0.03125094907501555,
        0.016196516430549472,
        0.11554609434231364
      ],
      [
        0.9501381998089548,
        0.8726197709936643,
        0.06544340467758995,
        0.03125094907501555,
        0.9999999999980002,
        5.551115123125783e-17,
        0.11386939686795927
      ],
      [
        0.3085370807986429,
        0.30114471544080634,
        0.029714951081068783,
        0.016196516430549472,
        5.551115123125783e-17,
        0.999999999998,
        0.01146436138470052
      ],
      [
        0.1105234729275835,
        0.17447165304699064,
        0.006158892759819073,
        0.11554609434231364,
        0.11386939686795927,
        0.01146436138470052,
        0.9999999999996814
      ]
    ],
    "age": [
      [
        0.9999999999999292,
        0.9611134148642766,
        0.10353022618258183,
        0.1000256375444415,
        0.9384995632891923,
        -0.33135991859594677,
        0.13258860857527316
      ],
      [
        0.9611134148642766,
        0.9999999999999168,
        0.09107659841213439,
        0.12794233338823832,
        0.9398273739474822,
        -0.28314813267787825,
        0.19904259474328165
      ],
      [
        0.10353022618258183,
        0.09107659841213439,
        0.9999999999992708,
        0.6242325507515801,
        0.08615851157266174,
        -0.0505405467555998,
        0.024547237761234658
      ],
      [
        0.1000256375444415,
        0.12794233338823832,
        0.6242325507515801,
        0.999999999999795,
        0.09864098437552563,
        -0.04464676299007507,
        0.09054988090333876
      ],
      [
        0.9384995632891923,
        0.9398273739474822,
        0.08615851157266174,
        0.09864098437552563,
        0.9999999999980003,
        4.5102810375396984e-17,
        0.1375266334734532
      ],
      [
        -0.33135991859594677,
        -0.28314813267787825,
        -0.0505405467555998,
        -0.04464676299007507,
        4.5102810375396984e-17,
        0.9999999999979998,
        -0.06877231479252287
      ],
      [
        0.13258860857527316,
        0.19904259474328165,
        0.024547237761234658,
        0.09054988090333876,
        0.1375266334734532,
        -0.06877231479252287,
        0.9999999999995834
      ]
    ],
    "weight": [
      [
        0.9999999999999281,
        0.9811942774377337,
        0.07575459114053804,
        0.04392436028023407,
        0.996970995631198,
        -0.06128385063622755,
        0.12063807521834156
      ],
      [
        0.9811942774377337,
        0.9999999999999056,
        0.0786963650975647,
        0.08348320159401025,
        0.9848280102728324,
        -0.07122142265715489,
        0.14693015792305508
      ],
      [
        0.07575459114053804,
        0.0786963650975647,
        0.999999999999237,
        0.46324091912952253,
        0.07605303639549488,
        -0.007598084623017049,
        0.013533076345874737
      ],
      [
        0.04392436028023407,
        0.08348320159401025,
        0.46324091912952253,
        0.9999999999998985,
        0.05032127707101727,
        -0.005212398173056368,
        0.11811710440633535
      ],
      [
        0.996970995631198,
        0.9848280102728324,
        0.07605303639549488,
        0.05032127707101727,
        0.9999999999979999,
        -9.540979117872439e-18,
        0.12773293274706662
      ],
      [
        -0.06128385063622755,
        -0.07122142265715489,
        -0.007598084623017049,
        -0.005212398173056368,
        -9.540979117872439e-18,
        0.999999999998,
        0.03431058201399948
      ],
      [
        0.12063807521834156,
        0.14693015792305508,
        0.013533076345874737,
        0.11811710440633535,
        0.12773293274706662,
        0.03431058201399948,
        0.9999999999998548
      ]
    ],
    "size": [
      [
        0.9999999999999254,
        0.713548934955784,
        0.08454653012765638,
        0.05773388654882533,
        0.7712733469371837,
        0.6278753648885039,
        0.11174374271887166
      ],
      [
        0.713548934955784,
        0.9999999999998919,
        0.09173834173324581,
        0.10243046836328462,
        0.12083940906738305,
        0.9798019930677078,
        0.18636832208724333
      ],
      [
        0.08454653012765638,
        0.09173834173324581,
        0.9999999999994916,
        0.6336804403212248,
        0.03332174100376942,
        0.0850800903196908,
        0.0630991343075347
      ],
      [
        0.05773388654882533,
        0.10243046836328462,
        0.6336804403212248,
        0.9999999999999056,
        0.0034968569627595557,
        0.08761962136728099,
        0.1258343680174988
      ],
      [
        0.7712733469371837,
        0.12083940906738305,
        0.03332174100376942,
        0.0034968569627595557,
        0.999999999998,
        1.3877787807814457e-17,
        0.002515453967238592
      ],
      [
        0.6278753648885039,
        0.9798019930677078,
        0.0850800903196908,
        0.08761962136728099,
        1.3877787807814457e-17,
        0.9999999999979998,
        0.17723116256230284
      ],
      [
        0.11174374271887166,
        0.18636832208724333,
        0.0630991343075347,
        0.1258343680174988,
        0.002515453967238592,
        0.17723116256230284,
        0.9999999999998297
      ]
    ],
    "speed": [
      [
        0.9999999999999324,
        0.9512257339518231,
        0.08180268916836225,
        0.04923531461183054,
        0.9974960069451853,
        0.011169245214502015,
        0.13745629515592733
      ],
      [
        0.9512257339518231,
        0.9999999999999168,
        0.08237682991860786,
        0.08983233698427831,
        0.9652551596023569,
        -0.11811636968820154,
        0.16419739152726137
      ],
      [
        0.08180268916836225,
        0.08237682991860786,
        0.9999999999993738,
        0.6195782571849557,
        0.08308065725925728,
        0.003172316749729249,
        0.030479781659155415
      ],
      [
        0.04923531461183054,
        0.08983233698427831,
        0.6195782571849557,
        0.9999999999999545,
        0.057269797345553305,
        -0.013900175047642408,
        0.05347873456633749
      ],
      [
        0.9974960069451853,
        0.9652551596023569,
        0.08308065725925728,
        0.057269797345553305,
        0.9999999999979996,
        2.42861286636753e-17,
        0.14494264904705134
      ],
      [
        0.011169245214502015,
        -0.11811636968820154,
        0.003172316749729249,
        -0.013900175047642408,
        2.42861286636753e-17,
        0.999999999998,
        0.032519419587192955
      ],
      [
        0.13745629515592733,
        0.16419739152726137,
        0.030479781659155415,
        0.05347873456633749,
        0.14494264904705134,
        0.032519419587192955,
        0.999999999999871
      ]
    ],
    "wealth": [
      [
        0.999999999999925,
        0.9097179538351708,
        0.08940366682089036,
        0.038042466629425745,
        0.9915612732954012,
        -0.10284527832767418,
        0.07895830643229025
      ],
      [
        0.9097179538351708,
        0.9999999999998953,
        0.07807749768175629,
        0.06229937897056479,
        0.905866378634101,
        -0.21277047749181222,
        0.11197847367456035
      ],
      [
        0.08940366682089036,
        0.07807749768175629,
        0.9999999999991734,
        0.35798639896818835,
        0.08587962722058695,
        0.006790164341422961,
        0.04040083156405667
      ],
      [
        0.038042466629425745,
        0.06229937897056479,
        0.35798639896818835,
        1.0,
        0.03668372810370868,
        -0.03137326245783074,
        0.049963298071250925
      ],
      [
        0.9915612732954012,
        0.905866378634101,
        0.08587962722058695,
        0.03668372810370868,
        0.9999999999979999,
        8.673617379884035e-18,
        0.07320119516921911
      ],
      [
        -0.10284527832767418,
        -0.21277047749181222,
        0.006790164341422961,
        -0.03137326245783074,
        8.673617379884035e-18,
        0.999999999998,
        -0.09729440625848078
      ],
      [
        0.07895830643229025,
        0.11197847367456035,
        0.04040083156405667,
        0.049963298071250925,
        0.07320119516921911,
        -0.09729440625848078,
        1.0
      ]
    ],
    "experience": [
      [
        0.9999999999999473,
        0.8279022893619522,
        0.052096654556927635,
        0.03960205382526278,
        0.9396200454504794,
        -0.28963112021541415,
        0.09256083633678741
      ],
      [
        0.8279022893619522,
        0.9999999999999267,
        0.047375049883497646,
        0.06398377041186817,
        0.6127434362871309,
        -0.7715296150707762,
        0.11759506247343965
      ],
      [
        0.052096654556927635,
        0.047375049883497646,
        0.999999999999391,
        0.6348804936322016,
        0.042420886144859865,
        -0.021754153400236988,
        0.04206210268471747
      ],
      [
        0.03960205382526278,
        0.06398377041186817,
        0.6348804936322016,
        0.9999999999997944,
        0.020099008783836806,
        -0.0491173629913627,
        0.11155788425689467
      ],
      [
        0.9396200454504794,
        0.6127434362871309,
        0.042420886144859865,
        0.020099008783836806,
        0.9999999999980002,
        -1.431146867680866e-17,
        0.05946239602273148
      ],
      [
        -0.28963112021541415,
        -0.7715296150707762,
        -0.021754153400236988,
        -0.0491173629913627,
        -1.431146867680866e-17,
        0.9999999999980004,
        -0.07106804041746928
      ],
      [
        0.09256083633678741,
        0.11759506247343965,
        0.04206210268471747,
        0.11155788425689467,
        0.05946239602273148,
        -0.07106804041746928,
        0.9999999999993552
      ]
    ],
    "bmi_abs": [
      [
        0.999999999999954,
        0.995016770581614,
        0.061325678361663416,
        0.060957765629224496,
        0.9845616131057698,
        0.16955326064303428,
        0.070044430279792
      ],
      [
        0.995016770581614,
        0.9999999999999486,
        0.05508171330066419,
        0.07174089636446665,
        0.982767500566242,
        0.17024066806145494,
        0.0935968958333408
      ],
      [
        0.061325678361663416,
        0.05508171330066419,
        0.9999999999991671,
        0.5288612391449302,
        0.05591385259124726,
        0.02181083615948523,
        -0.013286264856739045
      ],
      [
        0.060957765629224496,
        0.07174089636446665,
        0.5288612391449302,
        0.9999999999996385,
        0.06151082385809342,
        0.019997769739497358,
        0.05766402483840215
      ],
      [
        0.9845616131057698,
        0.982767500566242,
        0.05591385259124726,
        0.06151082385809342,
        0.9999999999980002,
        -6.071532165918825e-18,
        0.07575265542267316
      ],
      [
        0.16955326064303428,
        0.17024066806145494,
        0.02181083615948523,
        0.019997769739497358,
        -6.071532165918825e-18,
        0.9999999999979997,
        0.02448755473903867
      ],
      [
        0.070044430279792,
        0.0935968958333408,
        -0.013286264856739045,
        0.05766402483840215,
        0.07575265542267316,
        0.02448755473903867,
        0.9999999999991985
      ]
    ]
  },
  "meta_w1_vs_mean_primal_z": -0.9788307878660883,
  "meta_w1_vs_per_pair_primal_z": {
    "height": -0.7726550608371068,
    "age": -0.6330266319386006,
    "weight": -0.8148320912889405,
    "size": -0.5671121907851513,
    "speed": -0.5414437895143147,
    "wealth": -0.7037435263680674,
    "experience": -0.605533799008754,
    "bmi_abs": -0.6552863086370047
  },
  "mean_offdiag_abs_cos_over_pairs": {},
  "mean_cos_across_pairs": [
    [
      0.9999999999999337,
      0.907034991258551,
      0.0781366933538214,
      0.053034666706255784,
      0.9462651305579206,
      0.041501847971177556,
      0.10681422095560836
    ],
    [
      0.907034991258551,
      0.9999999999999083,
      0.07396443958142782,
      0.08664520840455871,
      0.798093379921399,
      -0.00069983012698175,
      0.14927256891364662
    ],
    [
      0.0781366933538214,
      0.07396443958142782,
      0.9999999999992627,
      0.5437650801453661,
      0.06603396460818342,
      0.008334446734067899,
      0.02587434902820671
    ],
    [
      0.053034666706255784,
      0.08664520840455871,
      0.5437650801453661,
      0.9999999999998562,
      0.04490917819693878,
      -0.002554506765329933,
      0.09033892367529647
    ],
    [
      0.9462651305579206,
      0.798093379921399,
      0.06603396460818342,
      0.04490917819693878,
      0.9999999999979999,
      1.4690939437178585e-17,
      0.09187541408967409
    ],
    [
      0.041501847971177556,
      -0.00069983012698175,
      0.008334446734067899,
      -0.002554506765329933,
      1.4690939437178585e-17,
      0.999999999998,
      0.005359789852345191
    ],
    [
      0.10681422095560836,
      0.14927256891364662,
      0.02587434902820671,
      0.09033892367529647,
      0.09187541408967409,
      0.005359789852345191,
      0.9999999999996718
    ]
  ]
}